2019	1	1	10	20	0	0.038443
2019	1	2	10	20	0	0.077034
2019	1	3	10	20	0	0.11687
2019	1	4	10	20	0	0.15488
2019	1	5	10	20	0	0.18792
2019	1	6	10	20	0	0.21129
2019	1	7	10	20	0	0.21826
2019	1	8	10	20	0	0.20346
2019	1	9	10	20	0	0.16632
2019	1	10	10	20	0	0.11067
2019	1	11	10	20	0	0.044212
2019	1	12	10	20	0	-0.020066
2019	1	13	10	20	0	-0.06607
2019	1	14	10	20	0	-0.081941
2019	1	15	10	20	0	-0.064193
2019	1	16	10	20	0	-0.0143
2019	1	17	10	20	0	0.063622
2019	1	18	10	20	0	0.15751
2019	1	19	10	20	0	0.24303
2019	1	20	10	20	0	0.29175
2019	1	21	10	20	0	0.28795
2019	1	22	10	20	0	0.23922
2019	1	23	10	20	0	0.17163
2019	1	24	10	27	30	-0.28783
2019	1	25	10	27	30	-0.42283
2019	1	26	10	27	30	-0.47367
2019	1	27	10	27	30	-0.34283
2019	1	28	10	27	30	-0.2745
2019	1	29	10	27	30	-0.33533
2019	1	30	10	27	30	-0.152
2019	1	31	10	27	30	0.023
2019	2	1	10	27	30	0.19467
2019	2	2	10	27	30	0.24383
2019	2	3	10	27	30	0.35633
2019	2	4	10	27	30	0.2905
2019	2	5	10	27	30	0.32133
2019	2	6	10	27	30	0.188
2019	2	7	10	27	30	0.033
2019	2	8	10	27	30	-0.086167
2019	2	9	10	27	30	-0.20867
2019	2	10	10	27	30	-0.30283
2019	2	11	10	27	30	-0.39283
2019	2	12	10	27	30	-0.4045
2019	2	13	10	27	30	-0.352
2019	2	14	10	27	30	-0.30533
2019	2	15	10	27	30	-0.2245
2019	2	16	10	27	30	-0.058667
2019	2	17	10	27	30	0.138
2019	2	18	10	27	30	0.34467
2019	2	19	10	27	30	0.46383
2019	2	20	10	27	30	0.45967
2019	2	21	10	27	30	0.32467
2019	2	22	10	27	30	0.10967
2019	2	23	10	27	30	-0.15367
2019	2	24	10	27	30	-0.3445
2019	2	25	10	27	30	-0.40367
2019	2	26	10	27	30	-0.417
2019	2	27	10	27	30	-0.33617
2019	2	28	10	27	30	-0.19867
2019	3	1	10	27	30	-0.065333
2019	3	2	10	27	30	0.158
2019	3	3	10	27	30	0.45133
2019	3	4	10	27	30	0.56633
2019	3	5	10	27	30	0.628
2019	3	6	10	27	30	0.65717
2019	3	7	10	27	30	0.548
2019	3	8	10	27	30	0.4705
2019	3	9	10	27	30	0.33467
2019	3	10	10	27	30	0.15883
2019	3	11	10	27	30	0.043
2019	3	12	10	27	30	-0.0086667
2019	3	13	10	27	30	-0.097
2019	3	14	10	27	30	-0.112
2019	3	15	10	27	30	-0.0945
2019	3	16	10	27	30	-0.043667
2019	3	17	10	27	30	0.21467
2019	3	18	10	27	30	0.45633
2019	3	19	10	27	30	0.6305
2019	3	20	10	27	30	0.78133
2019	3	21	10	27	30	0.91717
2019	3	22	10	27	30	1.0288
2019	3	23	10	27	30	0.978
2019	3	24	10	27	30	0.74633
2019	3	25	10	27	30	0.19883
2019	3	26	10	27	30	-0.051167
2019	3	27	10	27	30	-0.027833
2019	3	28	10	27	30	-0.057833
2019	3	29	10	27	30	-0.058667
2019	3	30	10	27	30	0.031333
2019	3	31	10	27	30	0.20217
2019	4	1	10	27	30	0.41717
2019	4	2	10	27	30	0.59467
2019	4	3	10	27	30	0.70633
2019	4	4	10	27	30	0.71133
2019	4	5	10	27	30	0.74383
2019	4	6	10	27	30	0.79967
2019	4	7	10	27	30	0.68467
2019	4	8	10	27	30	0.61383
2019	4	9	10	27	30	0.57217
2019	4	10	10	27	30	0.44967
2019	4	11	10	27	30	0.17217
2019	4	12	10	27	30	0.1255
2019	4	13	10	27	30	0.19217
2019	4	14	10	27	30	0.22967
2019	4	15	10	27	30	0.15717
2019	4	16	10	27	30	0.33217
2019	4	17	10	27	30	0.65217
2019	4	18	10	27	30	0.9255
2019	4	19	10	27	30	0.94383
2019	4	20	10	27	30	0.84883
2019	4	21	10	27	30	0.9205
2019	4	22	10	27	30	0.79633
2019	4	23	10	27	30	0.46467
2019	4	24	10	27	30	0.26133
2019	4	25	10	27	30	0.138
2019	4	26	10	27	30	0.052167
2019	4	27	10	27	30	0.092167
2019	4	28	10	27	30	0.118
2019	4	29	10	27	30	0.1755
2019	4	30	10	27	30	0.3605
2019	5	1	10	27	30	0.508
2019	5	2	10	27	30	0.74883
2019	5	3	10	27	30	0.90633
2019	5	4	10	27	30	0.97383
2019	5	5	10	27	30	0.99383
2019	5	6	10	27	30	0.82967
2019	5	7	10	27	30	0.76633
2019	5	8	10	27	30	0.69883
2019	5	9	10	27	30	0.45133
2019	5	10	10	27	30	0.33133
2019	5	11	10	27	30	0.26133
2019	5	12	10	27	30	0.082167
2019	5	13	10	27	30	0.036333
2019	5	14	10	27	30	0.18633
2019	5	15	10	27	30	0.453
2019	5	16	10	27	30	0.733
2019	5	17	10	27	30	0.93217
2019	5	18	10	27	30	1.1063
2019	5	19	10	27	30	1.1755
2019	5	20	10	27	30	1.0155
2019	5	21	10	27	30	0.79217
2019	5	22	10	27	30	0.56717
2019	5	23	10	27	30	0.35633
2019	5	24	10	27	30	0.16133
2019	5	25	10	27	30	0.088833
2019	5	26	10	27	30	0.0038333
2019	5	27	10	27	30	0.0005
2019	5	28	10	27	30	0.096333
2019	5	29	10	27	30	0.20133
2019	5	30	10	27	30	0.40217
2019	5	31	10	27	30	0.6505
2019	6	1	10	27	30	0.968
2019	6	2	10	27	30	1.133
2019	6	3	10	27	30	1.2147
2019	6	4	10	27	30	1.2488
2019	6	5	10	27	30	1.2005
2019	6	6	10	27	30	1.073
2019	6	7	10	27	30	0.8005
2019	6	8	10	27	30	0.28717
2019	6	9	10	27	30	-0.11117
2019	6	10	10	27	30	-0.2195
2019	6	11	10	27	30	-0.3295
2019	6	12	10	27	30	-0.19533
2019	6	13	10	27	30	0.10633
2019	6	14	10	27	30	0.42217
2019	6	15	10	27	30	0.75717
2019	6	16	10	27	30	0.99967
2019	6	17	10	27	30	1.063
2019	6	18	10	27	30	1.0213
2019	6	19	10	27	30	0.86133
2019	6	20	10	27	30	0.66717
2019	6	21	10	27	30	0.40717
2019	6	22	10	27	30	0.24967
2019	6	23	10	27	30	0.069667
2019	6	24	10	27	30	-0.152
2019	6	25	10	27	30	-0.18283
2019	6	26	10	27	30	-0.1345
2019	6	27	10	27	30	-0.091167
2019	6	28	10	27	30	-0.041167
2019	6	29	10	27	30	0.2455
2019	6	30	10	27	30	0.54383
